
lm =     1
    1       0.2820947918
    2       0.2820947918
    3       0.2820947918
    4       0.2820947918
    5       0.2820947918

lm =     2
    1       0.0000000000
    2       0.0000000000
    3       0.0000000000
    4       0.0000000000
    5       0.0000000000

lm =     3
    1      -0.0000000000
    2      -0.0000000000
    3      -0.0000000000
    4      -0.0000000000
    5      -0.0000000000

lm =     4
    1      -0.4886025119
    2      -0.4886025119
    3      -0.4886025119
    4      -0.4886025119
    5      -0.4886025119

lm =     5
    1      -0.3153915653
    2      -0.3153915653
    3      -0.3153915653
    4      -0.3153915653
    5      -0.3153915653

lm =     6
    1      -0.0000000000
    2      -0.0000000000
    3      -0.0000000000
    4      -0.0000000000
    5      -0.0000000000

lm =     7
    1      -0.0000000000
    2      -0.0000000000
    3      -0.0000000000
    4      -0.0000000000
    5      -0.0000000000

lm =     8
    1      -0.5462742153
    2      -0.5462742153
    3      -0.5462742153
    4      -0.5462742153
    5      -0.5462742153

lm =     9
    1       0.0000000000
    2       0.0000000000
    3       0.0000000000
    4       0.0000000000
    5       0.0000000000

lm =    10
    1       0.0000000000
    2       0.0000000000
    3       0.0000000000
    4       0.0000000000
    5       0.0000000000

lm =    11
    1       0.0000000000
    2       0.0000000000
    3       0.0000000000
    4       0.0000000000
    5       0.0000000000

lm =    12
    1       0.4570457995
    2       0.4570457995
    3       0.4570457995
    4       0.4570457995
    5       0.4570457995

lm =    13
    1      -0.0000000000
    2      -0.0000000000
    3      -0.0000000000
    4      -0.0000000000
    5      -0.0000000000

lm =    14
    1       0.0000000000
    2       0.0000000000
    3       0.0000000000
    4       0.0000000000
    5       0.0000000000

lm =    15
    1       0.0000000000
    2       0.0000000000
    3       0.0000000000
    4       0.0000000000
    5       0.0000000000

lm =    16
    1       0.5900435899
    2       0.5900435899
    3       0.5900435899
    4       0.5900435899
    5       0.5900435899
