[-2.1,2.0,1.0]
[-2.1,2.0,1.0]
[-2.1,2.0,1.0]
[-2.1,2.0,1.0]
[-2.1,2.0,1.0]

lm =     1
    1       0.2820947918
    2       0.2820947918
    3       0.2820947918
    4       0.2820947918
    5       0.2820947918

lm =     2
    1       0.1592798667
    2       0.1592798667
    3       0.1592798667
    4       0.1592798667
    5       0.1592798667

lm =     3
    1       0.3344877201
    2       0.3344877201
    3       0.3344877201
    4       0.3344877201
    5       0.3344877201

lm =     4
    1      -0.3185597335
    2      -0.3185597335
    3      -0.3185597335
    4      -0.3185597335
    5      -0.3185597335

lm =     5
    1      -0.2148416507
    2      -0.2148416507
    3      -0.2148416507
    4      -0.2148416507
    5      -0.2148416507

lm =     6
    1       0.2438205849
    2       0.2438205849
    3       0.2438205849
    4       0.2438205849
    5       0.2438205849

lm =     7
    1      -0.2322100809
    2      -0.2322100809
    3      -0.2322100809
    4      -0.2322100809
    5      -0.2322100809

lm =     8
    1       0.0238015333
    2       0.0238015333
    3       0.0238015333
    4       0.0238015333
    5       0.0238015333

lm =     9
    1      -0.4876411699
    2      -0.4876411699
    3      -0.4876411699
    4      -0.4876411699
    5      -0.4876411699

lm =    10
    1      -0.3003162740
    2      -0.3003162740
    3      -0.3003162740
    4      -0.3003162740
    5      -0.3003162740

lm =    11
    1      -0.1466334899
    2      -0.1466334899
    3      -0.1466334899
    4      -0.1466334899
    5      -0.1466334899

lm =    12
    1       0.1396509427
    2       0.1396509427
    3       0.1396509427
    4       0.1396509427
    5       0.1396509427

lm =    13
    1       0.0205285911
    2       0.0205285911
    3       0.0205285911
    4       0.0205285911
    5       0.0205285911

lm =    14
    1      -0.4205857681
    2      -0.4205857681
    3      -0.4205857681
    4      -0.4205857681
    5      -0.4205857681

lm =    15
    1      -0.3258072410
    2      -0.3258072410
    3      -0.3258072410
    4      -0.3258072410
    5      -0.3258072410

lm =    16
    1      -0.3773387081
    2      -0.3773387081
    3      -0.3773387081
    4      -0.3773387081
    5      -0.3773387081
