60
0.          0.          0.        
0.03846154  0.          0.
0.07692308  0.          0.
0.11538462  0.          0.
0.15384615  0.          0.
0.19230769  0.          0.
0.23076923  0.          0.
0.26923077  0.          0.
0.30769231  0.          0.
0.34615385  0.          0.
0.38461538  0.          0.
0.42307692  0.          0.
0.46153846  0.          0.
0.5         0.          0.
0.47619048  0.04761905  0.
0.45238095  0.0952381   0.
0.42857143  0.14285714  0.
0.4047619   0.19047619  0.
0.38095238  0.23809524  0.
0.35714286  0.28571429  0.
0.33333333  0.33333333  0.
0.3125      0.3125      0.
0.29166667  0.29166667  0.
0.27083333  0.27083333  0.
0.25        0.25        0.
0.22916667  0.22916667  0.
0.20833333  0.20833333  0.
0.1875      0.1875      0.
0.16666667  0.16666667  0.
0.14583333  0.14583333  0.
0.125       0.125       0.
0.10416667  0.10416667  0.
0.08333333  0.08333333  0.
0.0625      0.0625      0.
0.04166667  0.04166667  0.
0.02083333  0.02083333  0.
0.          0.          0.
0.          0.          0.07142857
0.          0.          0.14285714
0.          0.          0.21428571
0.          0.          0.28571429
0.          0.          0.35714286
0.          0.          0.42857143
0.          0.          0.5
0.03125     0.          0.5
0.0625      0.          0.5
0.09375     0.          0.5
0.125       0.          0.5
0.15625     0.          0.5
0.1875      0.          0.5
0.21875     0.          0.5
0.25        0.          0.5
0.28125     0.          0.5
0.3125      0.          0.5
0.34375     0.          0.5
0.375       0.          0.5
0.40625     0.          0.5
0.4375      0.          0.5
0.46875     0.          0.5
0.5         0.          0.5
