60
0.          0.          0.
0.05555556  0.          0.
0.11111111  0.          0.
0.16666667  0.          0.
0.22222222  0.          0.
0.27777778  0.          0.
0.33333333  0.          0.
0.38888889  0.          0.
0.44444444  0.          0.
0.5         0.          0.
0.46666667  0.06666667  0.
0.43333333  0.13333333  0.
0.4         0.2         0.
0.36666667  0.26666667  0.
0.33333333  0.33333333  0.
0.3030303   0.3030303   0.
0.27272727  0.27272727  0.
0.24242424  0.24242424  0.
0.21212121  0.21212121  0.
0.18181818  0.18181818  0.
0.15151515  0.15151515  0.
0.12121212  0.12121212  0.
0.09090909  0.09090909  0.
0.06060606  0.06060606  0.
0.03030303  0.03030303  0.
0.          0.          0.
0.          0.          0.1
0.          0.          0.2
0.          0.          0.3
0.          0.          0.4
0.          0.          0.5
0.05        0.          0.5
0.1         0.          0.5
0.15        0.          0.5
0.2         0.          0.5
0.25        0.          0.5
0.3         0.          0.5
0.35        0.          0.5
0.4         0.          0.5
0.45        0.          0.5
0.5         0.          0.5
0.47222222  0.05555556  0.5
0.44444444  0.11111111  0.5
0.41666667  0.16666667  0.5
0.38888889  0.22222222  0.5
0.36111111  0.27777778  0.5
0.33333333  0.33333333  0.5
0.30769231  0.30769231  0.5
0.28205128  0.28205128  0.5
0.25641026  0.25641026  0.5
0.23076923  0.23076923  0.5
0.20512821  0.20512821  0.5
0.17948718  0.17948718  0.5
0.15384615  0.15384615  0.5
0.12820513  0.12820513  0.5
0.1025641   0.1025641   0.5
0.07692308  0.07692308  0.5
0.05128205  0.05128205  0.5
0.02564103  0.02564103  0.5
0.          0.          0.5
